0.986809961395964
0.996222423311493
0.966001809803439
1
0.779397353706362
0.993704038852489
0.979852924327964
0.957187464196923
1
0.990556058278733
0.989926462163982
1
0.979852924327964
1
0.968079476982118
0.98300090490172
0.988950588186118
1
0.969779386491946
0.998111211655747
1
0.989926462163982
0.990556058278733
0.990556058278733
0.971038578721448
0.981112116557466
0.997481615540995
0.998740807770498
0.989296866049231
1
0.952024776055964
1
1
0.998740807770498
0.967261002032941
0.994963231081991
0.997481615540995
0.99433363496724
0.990556058278733
0.98300090490172
0.97229777095095
0.959705848655928
0.937669984639638
1
1
0.973556963180453
0.998740807770498
1
0.993074442737738
0.974186559295204
0.964113021459186
0.987408077704978
0.972927367065702
0.991185654393484
0.989926462163982
1
0.812136351673421
1
1
1
0.951521099164163
0.997481615540995
0.977964135983711
1
0.991815250508235
0.989296866049231
0.973556963180453
1
1
1
1
0.973556963180453
0.988037673819729
0.99433363496724
0.987408077704978
0.983599021210733
1
0.974816155409955
0.94963231081991
0.999370403885249
0.981741712672217
0.984889693245973
0.969149790377195
0.993704038852489
0.998740807770498
1
0.990556058278733
0.981993551118118
1
0.982528707815656
0.956557868082172
0.949002714705159
1
0.966001809803439
1
0.996222423311493
0.98300090490172
0.963483425344435
0.962224233114932
0.956557868082172
