0.1329343747402
0.0703654177017561
0.572607974568856
0.84533191673442
0.614762125518367
0.721839812535491
0.724184527978063
0.657107911864626
0.98495098502003
0.172247812749672
0.0797442794720445
0.245987986151524
0.815178932506295
0.174502346829068
0.995772748601132
0.647599414384773
0.997689102568619
0.99529366010926
0.290047218398125
0.109391402616105
0.989882778318709
0.628238602977958
0.668239673881645
0.90858991575088
0.99529366010926
0.26657751863161
0.312570013851294
0.697373890522643
0.037494310824159
0.99529366010926
0.75306088228373
-0.0357611377506232
0.0991727269012415
0.984859394573055
0.39858048898026
0.48569991305953
1
0.944313008238913
0.367011375533514
0.991066408710392
0.625843160518599
0.359887047842622
0.719254143763184
0.459114729012049
0.367539781958373
0.983767354628347
0.983675764181372
0.585999907000469
0.556059694426087
0.987487335859351
0.981845364325662
0.99529366010926
0.254132490513343
0.376300055940627
0.99529366010926
0.28013290478398
0.992193675750091
0.99529366010926
0.0287016279145137
0.69051447058608
-0.0477214410418202
0.585999907000469
0.976658526859251
0.995772748601132
1
0.624659530126916
0.266712790676374
0.0187140419427883
0.655569192355439
0.992193675750091
0.955501133607917
0.353873078185833
0.193298115632235
0.913262437630428
0.0652307163359312
0.27128385852235
0.944313008238913
0.334252995359887
0.371351353636352
0.991573678878257
0.877037711309729
0.955895677071811
0.303371514807357
0.99529366010926
0.780318199303631
0.992193675750091
0.998083646032513
0.0332050597381077
1
0.504419591337516
0.95545040659113
0.307328222116697
0.976349937507134
0.836270098819047
0.27438384288152
0.978428336111577
0.12300315212046
0.0864458820230497
0.832939024716739
0.991573678878257
