0.995496075151203
0.858448076180672
0.77724874533522
0.362630292111697
0.951357611632994
0.96525543688071
0.996654227255179
0.989576631064213
0.907991249517437
1
0.928709303821902
0.879680864753571
0.94582421824733
0.953931282975164
0.930639557328529
1
0.958949942092394
0.963453866941192
0.917642517050573
0.913267275768884
0.936430317848411
0.902843906833097
0.954188650109381
0.807103332904388
0.810963839917642
0.93398533007335
1
0.862952001029468
1
0.975807489383606
0.98134088276927
0.854458885600309
0.765924591429674
0.843520782396088
0.869772230086218
0.934114013640458
0.943379230472269
0.866941191609831
0.886758460944537
0.929224038090336
0.951357611632994
0.921760391198044
0.173851499163557
0.266503667481663
0.956376270750225
0.956633637884442
0.857289924076695
0.787157380002574
0.975678805816497
0.942607129069618
0.785999227898597
0.938875305623472
1
0.989576631064213
0.914168060738643
0.995496075151203
0.892163170763094
0.910822287993823
0.995496075151203
0.873246686398147
0.995496075151203
0.810963839917643
0.917642517050572
0.811735941320293
0.86115043108995
0.853172049929224
0.142967443057522
0.90091365332647
0.949556041693476
0.815725131900656
1
0.826019817269335
0.946853686784198
0.853944151331875
0.967185690387337
0.995496075151203
0.82306009522584
0.78072320164715
0.993051087376142
0.878136661948269
0.909664135889847
0.951486295200103
0.954832067944924
0.886758460944537
0.996525543688071
0.985072706215416
0.826534551537768
0.837215287607772
0.780337150945824
1
0.887144511645863
0.953030498005405
0.963453866941192
0.445502509329559
0.963453866941192
0.939132672757689
0.938103204220821
0.822545360957406
1
0.778406897439197
