1
0.996693837898469
0.998116524377699
0.995760739883751
0.994885240511917
0.999045302494201
0.321666129831317
1
0.995400748365727
0.995737700426598
0.990686299445687
0.999383694521143
0.983317993054775
0.999043862528129
0.997212225684423
0.992286101751785
0.997961008041913
0.998945944835226
0.994182537068735
0.999526251162281
0.99815108356343
0.99604873309817
0.997719093741801
0.999838723799925
0.994405731809909
0.998888346192342
0.984389327812414
0.995511625753279
0.998653631722591
1
0.997071109009358
0.315639387031018
0.312399463368804
0.99942977343545
0.999976960542846
0.995514505685423
0.994430211233135
0.996587280409134
0.993181760648628
0.997782452248973
0.995943615574907
0.995703141240867
0.99601417391244
0.999654408142697
0.996575760680557
0.99571898086766
0.997540537948861
0.992903847196714
0.996945831961086
0.991556038953233
0.997796851909694
0.310271193514247
1
0.315639387031018
0.996451923598357
0.999107221035301
0.313300882129935
0.984037976090823
0.988419792848209
0.990922453881511
0.999602569364102
0.992205463651748
0.981754189900479
0.997321663105903
0.999043862528129
0.996595920205567
0.993168800953979
0.994058699986534
0.997880369941876
0.99800708695622
0.990784217138589
0.996197049603596
0.998669471349384
0.99925121764251
0.988644427555456
0.992525136119753
0.308462596127695
0.997550617711366
0.999183539237122
0.991812352914066
0.311426046304067
0.991967869249852
0.996711117491334
0.987198701619072
1
0.321666129831317
0.996889673284274
0.994245895575907
0.984986913732333
0.993115522209312
0.99622008906075
1
0.993033444143202
0.992628813676944
0.990533663042045
0.99658440047699
0.996346806075094
0.993616630402401
0.995887456898096
0.980412141521286
