0.702360472592526
0.235062597213184
0.894968550787773
0.897379041203372
0.690489675697704
0.873633106231978
0.0796246268793428
0.79708434701821
0.8807670925998
0.288451623444156
0.444056855645815
0.518959246427633
0.429258259771518
0.379149017809801
0.931164626942381
0.215158982084907
0.922666785737803
0.940101656709887
0.722024367597184
0.470511468151932
0.247933438495776
0.788065328392319
0.99090977354627
0.995544991907369
0.774192992570052
0.962193400335307
0.903989235519646
0.630961960684253
0.0528419534318228
0.708489320458972
0.539177778566719
0.0874042425870274
0.528770087826725
0.642046514673282
0.727832093093766
0.891310450179187
0.417482034726018
0.551089815235971
0.526403165811023
0.987647939057198
0.614654865674458
0.0588356842076609
0.618598091603006
0.470534741125417
0.489500481606563
0.546299343111426
0.323409660570037
0.541111135473922
0.587705265372104
0.571140931414345
0.382401945156729
0.346927386701292
0.98775782470009
0.445008299622138
0.0300698674043848
0.613662938871141
0.281625489156509
0.575388103569018
0.597405399064066
0.699845497684287
0.51139721305678
0.942223019435447
0.392964603454122
0.486847937959062
0.99673926356664
0.166068386364104
0.18490014819138
0.23806928564832
0.541724694266764
0.567412224110703
0.255078507481155
0.320179308077754
0.999920702065027
0.329024841638621
0.944651300842531
0.221155697797218
0.265190247388175
0.897775927791438
0.775928417002878
0.967507497820345
0.990820372749389
0.566172139483885
0.885067147026744
0.789465813960128
0.795297274544949
0.465256381769194
0.698978176520518
0.909449019117638
0.379758555700804
0.801080839037835
0.779321471771083
0.27070193393267
0.190774458445782
0.659186768212032
0.785545504970797
0.148329694286081
0.427815276001389
0.0923802356616034
0.297730741289827
0.439874080196016
