0.390424695023988
0.343273907792539
0.701394967480305
0.305108971446933
0.999844880502587
0.306726646205666
0.0916257631325274
0.390424695023988
0.339118921254695
0.771198741316078
0.306726646205666
0.449654859118256
0.112744174708874
0.321208159285564
0.996033372851872
0.485679146399566
0.875372563792893
1
0.437807053505147
0.130510897144693
0.744490487850819
0.999977840071798
0.264218363932501
1
0.996033372851872
0.132084252047023
0.792672819740064
0.122843561986859
0.999977840071798
0.129303181057693
0.305108971446933
0.609885543970838
0.0835096894286062
0.305881244944766
0.390402535095786
0.759564779010116
0.689489546053871
0.918562263858265
0.0181379012332
1
0.803879095431731
0.169379411210708
0.968976100517434
0.390424695023988
0.782810543693838
0.636438677938683
0.178797380696487
0.46626704929476
0.183378945852215
0.390424695023988
0.856492304964932
0.572867383909676
0.188481269320687
0.999844880502587
0.609885543970838
0.390402535095786
0.597930262705949
0.833246540281209
0.028681595071632
0.996033372851872
0.980587902895195
0.857901676398568
0.285719034270329
0.139319468604922
0.845434500792217
0.992196381283725
0.0329351932899737
0.235283037682958
0.0674825213566308
0.77895471618672
0.758139895626738
0.480571282949043
0.945686015977308
0.499811640610284
0.888597608943747
0.999977840071798
0.836426489978172
0.864270439763775
0.390424695023988
0.767298593952556
0.635447021151651
0.593963635557821
0.999977840071798
0.173966516348487
0.351644820670781
0.251459785270296
0.999977840071798
0.999977840071798
1
0.620008199173435
0.801419343401327
0.274062912036165
0.968089703389361
0.938478499329662
0.454367167850376
0.623480659922662
0.900108583648189
0.285696874342127
0.560784683057627
0.795242263415067
