0.98866726993448
0.99433363496724
0.976075347639457
0.954669079737919
0.998740807770498
1
1
0.998740807770498
0.97229777095095
0.998740807770498
1
1
1
0.996222423311493
0.984260097131222
1
0.995592827196742
0.974816155409955
0.996222423311493
0.98300090490172
0.988037673819729
0.954039483623168
0.996222423311493
0.983630501016471
1
0.981112116557466
0.993074442737738
1
1
1
1
0.987408077704978
0.974816155409955
0.986148885475475
1
1
0.98300090490172
1
1
1
0.96096504088543
1
1
0.988037673819729
0.991815250508235
1
0.981741712672217
1
1
1
0.990556058278733
0.994963231081991
0.994963231081991
0.973556963180453
0.975445751524706
0.958446656426426
1
1
0.999370403885249
0.98300090490172
1
1
1
1
1
0.979852924327964
0.998740807770498
0.971668174836199
0.995592827196742
1
1
0.98300090490172
1
1
1
0.987408077704978
0.98866726993448
0.98300090490172
0.993704038852489
0.984889693245973
0.990556058278733
0.995592827196742
1
0.998740807770498
0.998740807770498
1
0.977964135983711
0.993704038852489
0.98866726993448
0.997481615540995
0.979223328213213
0.99433363496724
0.991185654393484
1
1
0.96096504088543
0.955928271967421
0.997481615540995
0.972927367065702
0.991815250508235
