0.855213821421174
1
1
1
1
1
1
0.581806473612792
1
1
0.648292683614187
0.732702439546782
1
1
0.621328456024608
1
0.347447656059554
0.406290995531795
0.347447656059554
1
0.610191057672391
1
1
1
1
1
1
0.95545040659113
0.665878049433478
1
1
0.719985458255188
1
0.912636804423396
1
0.977725203295565
1
1
1
1
1
0.831022670749252
0.509954472502434
1
1
1
1
0.409717887332478
0.3797607657525
0.997689102568619
0.797903565122921
1
1
0.933175609886696
0.663375516605348
0.998083646032513
1
1
1
1
1
0.810664228012304
1
1
1
1
1
1
1
1
1
0.384038744168154
1
0.888626016477826
0.69200809941368
1
1
1
0.285290151490599
0.997689102568619
1
1
0.543547030285438
0.732702439546782
0.498817074150217
1
1
0.220382115344782
0.89570525348713
0.754977236251217
0.799526829660087
0.594347319429434
0.821801626364521
0.581806473612792
0.966587804943348
1
0.447250243419226
1
1
0.998083646032513
