1
1
1
1
1
0.982627718440355
1
1
1
1
1
1
1
0.996654227255179
0.995496075151203
1
0.920087504825634
1
1
0.907991249517437
1
1
0.992150302406383
0.993051087376142
1
1
1
1
1
1
0.958306524256852
0.982627718440355
1
1
1
0.963453866941192
1
0.996654227255179
1
1
1
0.989576631064213
1
1
0.986102174752284
1
0.893836057135504
1
1
0.992922403809033
1
1
1
0.992150302406383
0.992150302406383
0.922146441899369
1
0.907991249517437
1
0.844292883798739
1
0.940934242697207
0.944537382576245
0.996654227255179
1
0.996654227255179
0.865525672371638
0.922146441899369
1
1
1
0.996654227255179
1
1
0.907991249517437
0.995496075151203
1
1
0.954832067944924
0.957534422854201
1
1
0.950456826663235
1
1
1
1
1
1
0.825762450135118
0.988547162527345
0.995496075151203
0.915068845708403
0.996525543688071
1
1
1
0.916613048513705
1
0.943379230472269
