0.903532652878434
0.996511530799873
0.999946817009958
0.99933302049406
0.180923358114047
0.895993324101272
0.529923203017228
0.999814336084943
0.999967022733773
0.83589395465411
0.884700002316185
0.879271433886518
0.624406855959827
1
1
0.895673606645903
0.999919939584883
0.547549306766018
0.724447872629752
0.99045470169764
0.783161780997126
0.851522622804235
0.70982884082936
0.853580267096149
0.537341408066652
0.949564192539163
0.890640866357949
0.0887578354626153
0.690212704785406
0.790144802528336
0.940409269792971
0.587851004910857
0.645446733052614
0.746593536551336
0.999976172495501
0.999922798885423
0.994395913906826
0.862563144668926
0.845548781496243
0.696914142770783
0.99887374194091
0.975202430137678
0.997539619540427
0.977392536560235
0.828867569339575
0.999881815577684
0.983797296940576
0.971950452323634
0.7914531027218
0.714963191498837
1
0.999824629566886
1
0.999827488867426
0.997590705710073
0.999978269315897
0.895348762873137
0.999997712559568
0.460127493721416
0.635747604381207
0.603138425443884
0.986541982031941
0.971701778936722
0.740414751473218
0.870378375524612
0.99886039853839
1
0.578592283409037
0.904805947063859
0.999809570584043
0.720367523065972
0.905498973436146
0.999809570584043
0.54819639370963
1
0.44588520814462
0.999991993958488
0.999909264862867
0.887136008209932
0.326158172763974
0.999932711127294
0.948353598068033
0.983339999474229
0.999814907945051
0.384084681683036
0.679108515828693
0.897036206318191
0.998760132399458
0.768206226852283
0.308022201299507
0.999900877581284
1
0.74337587034377
0.999955585531614
0.398852076590168
0.334545644967712
0.92534091933631
0.925658185962645
0.966012590547436
1
