1
0.903050314116982
1
0.736296854398192
1
0.609999667601077
1
1
0.111115419986039
1
1
0.758545422312832
1
1
1
0.999977840071798
1
1
1
1
0.941830188470189
1
1
1
1
0.999977840071798
0.930196226164227
1
1
1
1
1
1
0.89141635181102
0.654836958328255
1
0.767320753880757
1
0.689489546053871
1
0.972854087952755
1
0.390424695023988
1
1
1
1
1
1
0.999844880502587
1
1
1
0.689489546053871
0.0192902174996953
1
0.775076728751399
0.512343080008421
0.996033372851872
0.775076728751399
1
0.379516470366636
1
0.999977840071798
0.411077748108096
1
1
1
0.999977840071798
0.798344653363323
0.996033372851872
1
1
0.949586163340831
1
1
0.197140261265554
0.914684276422944
1
1
1
0.999977840071798
0.918562263858265
0.390424695023988
1
1
1
1
0.104738900645962
1
1
1
1
1
1
1
1
1
1
1
