9.9
9.8
10.2
9.4
9.7
9.4
10.3
9.9
9.3
9.4
9.9
9.8
10.2
9.8
9.7
9.9
10.1
9.9
9.8
10.0
9.9
10.0
9.8
10.0
10.0
9.8
9.6
9.8
10.1
9.8
9.5
9.7
9.7
9.9
9.9
10.0
9.9
9.7
9.9
9.8
10.0
9.9
9.7
9.9
10.2
9.7
9.5
10.1
9.7
9.4
25.5
9.8
10.0
16.0
9.5
9.9
19.4
9.8
10.0
52.4
9.9
9.5
9.7
10.0
9.9
5.9
10.0
12.9
9.9
9.9
9.8
9.6
9.8
9.9
9.7
9.8
9.8
10.0
10.1
9.4
9.7
10.0
9.9
9.8
9.9
9.9
9.4
9.5
10.1
9.7
9.6
9.8
9.4
9.9
9.8
10.1
10.3
9.6
9.7
10.3
14.5
9.6
47.7
9.7
9.6
8.9
15.2
9.8
9.5
8.6
15.0
3.5
27.9
3.8
8.6
3.5
4.6
10.7
10.9
15.8
25.0
5.1
4.9
10.8
21.3
26.9
13.8
25.1
29.8
5.2
6.8
21.1
14.5
19.7
35.1
25.7
13.9
14.5
19.0
23.4
15.6
22.0
16.1
11.9
13.5
26.8
5.3
19.9
14.5
16.4
4.5
33.9
4.1
11.8
22.0
24.5
11.7
9.2
28.9
22.4
5.6
14.8
20.3
67.1
10.9
12.8
30.6
40.2
18.9
14.6
5.5
22.3
30.0
41.4
19.1
42.5
14.9
18.2
19.6
29.0
12.8
5.3
5.2
13.3
20.0
12.9
12.9
14.3
16.8
11.1
33.2
34.9
9.2
23.8
14.9
5.6
16.6
43.1
34.9
21.2
15.6
44.6
4.9
17.3
26.6
14.2
21.7
9.5
20.5
29.5
7.6
27.7
7.5
18.3
3.2
15.7
5.9
5.4
4.0
12.1
3.8
24.9
15.5
15.2
19.2
21.8
14.2
30.5
9.3
12.9
10.0
11.5
3.2
21.9
10.9
5.6
10.1
23.7
5.1
20.0
28.0
5.0
17.1
18.4
15.6
5.5
10.4
20.4
12.7
23.8
17.6
4.5
41.3
9.6
13.4
7.4
5.0
23.7
40.3
26.2
5.7
10.6
19.2
21.5
54.9
28.2
3.7
17.0
21.4
25.0
31.7
14.9
8.8
3.9
12.2
17.6
15.9
15.4
13.5
14.0
3.6
18.0
5.2
9.9
5.0
20.0
48.5
9.8
14.2
17.2
13.5
18.3
18.2
47.2
5.5
46.0
58.5
18.4
4.0
41.9
36.8
16.1
49.4
21.4
4.9
28.2
5.1
7.6
3.5
14.8
29.0
5.9
14.8
3.7
15.6
15.2
25.3
57.1
23.7
16.9
15.7
16.5
27.3
7.4
10.4
7.1
9.9
10.0
5.3
3.5
10.6
10.4
19.4
36.7
31.0
15.8
21.3
16.7
11.6
6.7
19.9
29.2
7.2
18.9
4.4
