10.2
33.6
9.4
9.6
9.7
40.4
9.9
9.8
9.6
9.5
40.5
43.8
11.2
28.4
15.8
11.3
28.6
28.5
11.1
43.8
7.4
43.4
40.9
11.2
7.5
41.0
50.0
59.4
37.8
24.7
7.4
7.3
50.7
36.3
9.6
24.8
34.2
8.8
53.0
45.4
62.0
7.7
8.7
48.8
22.4
38.0
31.0
21.6
36.7
34.4
28.8
59.8
13.0
27.6
17.1
26.9
7.4
43.5
76.5
41.8
10.2
18.2
19.3
50.4
23.3
20.3
43.8
76.2
49.3
11.5
23.8
18.8
31.7
41.5
76.1
52.4
44.0
18.8
7.8
10.0
42.7
53.2
74.9
30.9
13.6
82.2
17.2
97.7
15.0
24.8
23.0
79.7
10.5
56.8
14.4
10.3
10.3
37.9
13.6
25.0
10.7
32.7
23.1
11.2
25.0
33.1
29.6
93.4
17.3
32.4
8.8
20.6
31.6
28.1
56.4
17.9
8.5
59.2
72.8
25.7
9.3
28.0
45.2
11.5
19.1
8.8
47.1
29.1
43.5
17.0
51.6
49.8
51.0
24.8
21.4
8.1
9.4
14.3
23.0
25.2
27.3
43.0
47.2
30.9
22.6
43.3
34.8
26.3
41.7
38.9
14.1
53.1
69.6
8.1
58.1
43.9
33.3
64.4
17.8
31.2
6.3
45.1
16.8
41.4
46.3
21.2
21.3
108.0
9.1
9.6
43.5
94.9
12.1
60.7
31.8
27.1
42.6
36.2
8.2
17.3
34.7
54.7
7.7
9.8
24.4
11.3
132.0
24.6
126.9
42.0
30.3
53.2
35.3
37.7
23.2
108.2
23.1
116.8
43.7
21.1
43.0
30.9
41.2
29.9
15.3
15.2
20.8
28.5
34.0
17.7
14.3
14.6
29.7
18.9
30.0
9.4
54.5
31.3
44.7
16.0
41.7
110.2
34.0
26.0
24.6
41.9
56.2
39.1
37.4
38.4
23.8
17.1
37.4
34.6
28.5
59.9
34.6
43.3
49.5
27.2
50.2
44.8
20.7
14.7
43.4
6.9
9.9
28.8
19.1
17.5
20.5
24.1
35.7
36.7
67.9
54.1
9.1
88.8
20.1
8.1
18.4
38.6
9.0
103.8
45.0
48.1
11.8
24.8
10.1
22.6
21.6
30.4
29.4
28.1
41.4
22.7
21.1
93.1
40.9
9.4
56.6
32.8
21.7
8.6
32.4
8.0
12.4
68.1
19.3
61.1
104.0
24.9
29.3
37.8
60.2
39.1
23.1
61.0
52.0
30.9
27.6
27.9
52.7
88.3
77.0
22.8
26.7
17.1
58.9
51.5
12.1
8.0
19.2
71.6
47.9
39.5
119.7
10.1
6.5
30.6
47.2
83.6
51.1
39.4
44.7
80.2
45.4
47.1
33.5
22.6
45.8
42.2
49.1
10.1
79.5
32.9
19.4
32.0
10.1
40.3
9.7
68.6
98.3
30.3
53.7
