5.0
4.0
7.0
2.0
2.0
2.0
4.0
2.0
4.0
4.0
9.0
8.0
2.0
7.0
12.0
2.0
7.0
7.0
9.0
10.0
4.0
5.0
7.0
17.0
8.0
7.0
7.0
9.0
5.0
6.0
7.0
5.0
2.0
8.0
12.8
1.6
3.6
5.6
12.2
5.5
2.9
11.5
25.8
6.0
8.8
3.1
3.0
25.3
8.8
6.3
8.6
2.7
4.4
9.5
11.4
14.8
13.4
12.1
12.4
1.6
9.2
1.8
8.9
3.6
12.3
7.3
3.6
9.3
2.8
7.5
27.6
7.8
20.7
17.6
2.5
5.2
3.8
2.6
4.6
7.0
4.8
7.4
10.9
5.8
10.4
11.8
2.1
2.5
9.1
10.3
6.3
9.0
2.6
1.8
19.2
5.5
3.4
10.5
7.0
4.7
6.4
2.7
3.8
18.7
11.6
25.9
3.6
13.2
8.8
13.0
13.4
11.3
5.2
5.7
3.7
3.8
15.1
3.5
7.3
13.4
8.7
2.6
12.2
11.4
2.6
6.2
8.3
13.1
8.7
2.8
12.4
7.2
1.7
10.2
7.2
22.4
6.7
10.2
6.2
4.1
4.9
22.2
2.3
4.9
4.2
12.6
7.7
10.4
2.9
4.4
5.1
7.1
8.3
11.1
8.8
7.5
1.6
9.7
19.6
2.0
1.5
31.7
12.0
8.2
2.5
5.4
1.8
2.9
2.1
4.7
14.8
2.8
25.2
10.0
18.1
24.4
4.8
6.1
5.6
4.1
2.2
20.7
18.3
5.5
9.5
10.1
2.1
2.7
6.7
4.6
1.9
14.8
5.9
2.6
9.2
26.3
11.6
6.9
7.9
2.9
13.7
9.4
19.7
23.4
5.4
16.8
2.4
8.8
11.0
10.0
4.3
2.1
10.2
13.9
3.1
2.9
4.3
3.9
10.2
24.9
2.5
32.2
13.2
1.5
9.7
6.4
4.7
6.3
6.5
14.8
26.3
5.8
18.5
