1
0.987408077704978
0.98300090490172
0.968520194262444
0.973556963180453
1
0.998740807770498
0.997481615540995
1
0.955928271967421
0.986148885475475
0.96663140591819
0.986148885475475
0.975445751524706
1
1
0.972927367065702
1
0.975445751524706
0.955928271967421
1
1
0.991815250508235
0.939558772983892
0.986148885475475
1
1
0.989296866049231
0.968520194262444
0.991815250508235
0.965372213688688
0.996852019426244
0.984889693245973
1
1
0.984260097131222
0.975445751524706
1
0.964742617573937
0.991815250508235
1
0.964113021459186
1
1
0.981112116557466
0.999370403885249
0.98300090490172
1
1
0.993704038852489
1
0.966001809803439
0.986148885475475
0.959705848655928
0.971668174836199
0.98866726993448
0.98866726993448
1
0.964742617573937
1
0.960335444770679
0.981741712672217
0.993704038852489
0.964742617573937
0.981112116557466
0.991185654393484
0.988037673819729
0.948373118590408
0.950891503049412
0.981112116557466
0.989296866049231
0.96096504088543
0.987345118093502
0.987408077704978
0.968520194262444
0.983630501016471
1
0.98866726993448
1
0.994963231081991
0.998740807770498
1
0.808358774984914
1
1
0.998111211655747
1
0.993704038852489
0.972927367065702
0.986778481590226
0.989926462163982
0.977964135983711
0.985519289360724
1
0.943336349672399
1
1
0.96096504088543
0.998740807770498
1
