1
0.98965732491077
0.852902923989793
0.281773078326741
0.804041534154078
0.333041183292212
0.991482088431281
0.992193675750091
0.323949774617046
0.109053222504196
1
0.991066408710392
0.992193675750091
0.152746092962895
0.148800658323951
0.966587804943348
1
0.185053566320643
0.0107428548883231
0.888626016477826
0.117750087715467
0.719648687227078
0.111645936695501
0.779923655839736
0.903094488932351
0.995772748601132
0.997689102568619
-0.0160170555503106
0.998083646032513
-0.0166426887573431
0.41665480687802
0.931535436343935
0.987966424351223
0.938614673353239
1
0.152655911599719
0.379636766378133
0.992193675750091
0.571413071506776
0.99529366010926
0.384038744168154
0.259024829465633
0.089032959879157
0.987487335859351
0.127850400391162
0.788389431307869
0.997689102568619
0.987966424351223
1
0.572855973317589
0.274224616412163
0.252419044613002
0.310247843749516
0.957812031039298
0.56333056683214
0.997689102568619
0.309481302162521
1
0.325048859980752
0.964500951836107
0.992982762677879
0.43842374249839
0.470229582023473
0.205169646644055
0.9891711909999
0.992982762677879
0.206933819561183
0.122636790332558
0.982166635431976
0.494849094170479
0.991573678878257
0.0466815371976987
0.99529366010926
0.489883482860609
0.780318199303631
0.974433583539647
0.997689102568619
0.0699370562266709
0.621779362840488
0.323238187298237
0.844076423068956
0.231519513696999
0.997689102568619
0.979855738000595
0.340548781776601
0.0392923017524775
0.307068950697567
0.713047129625846
0.992193675750091
0.723797029933167
0.997689102568619
0.130741840347987
0.279118364448252
1
0.630549500409339
1
0.214244146313625
0.998083646032513
0.547808099695497
0.316966355306116
