0.989576631064213
1
0.450006434178355
0.996654227255179
0.435336507527989
0.802084673787157
0.821258525286321
0.879680864753571
1
0.963453866941192
0.831038476386565
0.808390168575473
0.89924076695406
0.645605456183245
0.963453866941192
0.785999227898597
0.918028567751898
0.17192124565693
0.996654227255179
0.810063054947883
0.812636726290053
0.900270235490928
0.996654227255179
0.950328143096127
0.958949942092394
0.407026122764123
1
0.963453866941192
0.963453866941192
0.979281945695535
0.957920473555527
0.982756402007464
0.958949942092394
0.996654227255179
0.979153262128426
0.893836057135504
0.872603268562605
0.853944151331875
0.946081585381546
0.958435207823961
0.8907476515249
0.979153262128426
1
0.959979410629263
0.979153262128426
0.996654227255179
0.995496075151203
0.972204349504568
0.89756788058165
1
0.865525672371638
0.963453866941192
0.923561961137563
0.928709303821902
0.992150302406383
0.961780980568781
0.963453866941192
0.964612019045168
0.908119933084545
0.985844807618067
0.833869514862952
0.932955861536482
0.995496075151203
0.978767211427101
0.819971689615236
1
0.995496075151203
0.929224038090336
0.996525543688071
0.893964740702612
0.832711362758976
0.885600308840561
0.920087504825634
0.895766310642131
0.920087504825634
0.893964740702612
0.956376270750225
0.777120061768112
0.996525543688071
0.989576631064213
0.963453866941192
0.963453866941192
0.995496075151203
0.96525543688071
0.878522712649594
0.954832067944924
0.975678805816497
0.929224038090336
0.961780980568781
0.905674945309484
1
0.879680864753571
0.907991249517437
1
0.940033457727448
0.943379230472269
0.963453866941192
0.906318363145026
0.979153262128426
1
