0.997200705955847
0.997379261748786
1
1
0.998047406006239
0.994496449672451
0.995553384769369
1
0.997288543886244
0.999026582935263
1
1
0.996486482784087
1
1
0.992558255339411
0.9974714195774
1
1
1
0.997939408550832
0.993134241768249
0.999714886717725
1
0.997529018220284
0.996984711045032
0.995714660969444
1
0.997707574013224
0.996623279560936
0.998932985140577
1
0.999753765801672
0.998902745853063
0.999458572756892
0.99568442168193
0.999769605428465
1
1
0.997171906634405
0.99587017730523
0.997062469212925
1
0.998548514199328
0.99797252777049
0.998538434436823
0.992411378800057
0.99441293164027
0.996526801834106
0.996418804378699
0.994608767026075
1
0.997019270230763
0.990484704195594
1
0.999084181578147
0.997177666498693
0.992556815373339
0.993972302022209
0.997079748805791
1
0.315639387031018
0.998686750942249
0.996083292283901
1
0.980681415176768
0.999815684342772
0.998249001256332
0.998881146361982
1
0.989419129302243
1
1
1
1
0.999112980899589
0.995788099239121
1
0.994335173472377
0.985712656632669
0.995181873522769
0.997472859543473
0.979860634515674
0.990918133983294
0.991809472981921
0.999873282985656
0.998087725056257
1
0.999974080610702
1
0.995063796304857
1
0.999425453537234
0.994827641869033
0.999904962239242
1
0.99568442168193
0.997158946939756
0.997811251570415
0.996142330892856
