0.863973858571208
0.757252815182652
0.549258099655104
0.667125493619608
0.726082830580805
0.756511687644099
0.57929767285223
0.328874967497873
0.583895227564557
0.802596103279413
0.997483958489917
0.859734533954822
0.529127909029085
0.459976355501307
0.534993002427834
0.318546881761837
0.846865965944956
0.871243981108057
0.999299852607797
0.443610677068247
0.595968443410035
0.650021804536488
0.750659173965059
0.681523671684727
0.999995043879064
0.0951251641799058
0.635902006610362
0.371909268842778
0.823931965633089
0.565969424625566
0.680496140016564
0.716895697423736
0.659555370156675
0.494180394110232
0.998818652750508
0.340016201725672
0.728504352369912
0.353683896581431
0.142178576344616
0.140435117840413
0.921712865486891
0.550459953830148
0.367046824700757
0.999830538788002
0.770112427212215
0.98770216364958
0.792549674804765
0.535560572763712
0.512059948248824
0.659321012372381
0.205179085372165
0.96711008338071
0.299807365864276
0.576857402806454
0.922715155571937
0.998683312524952
0.696439069986079
0.921651704790748
0.687404409382681
0.469523892976885
0.356790764893075
0.706372327716695
0.616779212515199
0.701195659399227
0.429646753307211
0.978431357095073
0.753068933875146
0.545195271862953
0.767802064720968
0.0578795341071189
0.722023530230597
0.97735033670325
0.355497904922526
0.108473723342742
0.386130757406214
0.588291423698966
0.702499496878125
0.880918063668306
0.587350664450148
0.135252206716766
0.761080830611233
0.987330187968938
0.70739824475041
0.147934157711395
0.956485067563432
0.999809570584043
0.488948789469729
0.570019856963484
0.207135684308042
0.720635916076651
0.0897206715419622
0.848120335939917
0.549401228070701
0.995533707572576
0.947762655532879
0.997575456107193
0.999892109059628
0.544224634639676
0.358506736359425
0.470894915659469
