0.716906917221588
0.868148427199096
1
0.875904402069737
1
1
0.996033372851872
0.980610062823396
0.999977840071798
0.390402535095786
0.999844880502587
0.996033372851872
0.137818133469248
0.609907703899039
0.518575559815186
1
0.999977840071798
1
0.999977840071798
0.597775143208536
0.688376009661729
0.79673251858664
1
0.390402535095786
0.0595492670603747
1
1
0.527669994349218
0.999977840071798
0.875372563792893
0.609999667601077
1
0.609907703899039
0.806100628233965
0.716906917221588
0.999977840071798
0.240180381815563
0.809978615669285
0.910806288987624
0.390402535095786
0.194863328642815
0.999977840071798
0.0956976499396142
0.992244025129359
0.65417437647502
0.372475153180504
0.103453624810256
1
0.137840293397449
0.623480659922662
0.421841933232136
0.999977840071798
0.705272954915626
0.936689085127364
0.834879726989684
0.609999667601077
0.105986504603725
0.999977840071798
0.627682182309729
1
0.102949486443664
1
0.992244025129359
1
1
0.999977840071798
0.229532536314582
0.996033372851872
1
0.515611669418191
0.996033372851872
0.996033372851872
0.454843606306716
0.432727997961287
0.56965419432041
0.781161845035622
1
0.81596179628378
1
0.969174431874841
0.28681927470555
1
0.219793247869877
1
0.875904402069737
0.999977840071798
0.875882242141535
1
0.390424695023988
0.390424695023988
0.609999667601077
0.112494875516603
0.821590418047046
1
0.421841933232136
1
0.643225155950495
0.191760938694559
0.999977840071798
1
